        11.5      9.73938
 6.28319e-06  7.70733e-06      6.2832e-06  7.70733e-06
 6.44026e-06   8.4917e-06     6.44028e-06  8.49171e-06
 6.60127e-06   9.3554e-06     6.60129e-06  9.35541e-06
  6.7663e-06  1.03064e-05     6.76633e-06  1.03064e-05
 6.93546e-06  1.13534e-05     6.93549e-06  1.13534e-05
 7.10885e-06   1.2506e-05     7.10888e-06  1.25061e-05
 7.28657e-06  1.37749e-05      7.2866e-06  1.37749e-05
 7.46873e-06  1.51716e-05     7.46877e-06  1.51716e-05
 7.65545e-06  1.67088e-05     7.65549e-06  1.67088e-05
 7.84684e-06  1.84006e-05     7.84689e-06  1.84006e-05
 8.04301e-06  2.02623e-05     8.04306e-06  2.02624e-05
 8.24408e-06  2.23109e-05     8.24414e-06   2.2311e-05
 8.45019e-06  2.45649e-05     8.45025e-06   2.4565e-05
 8.66144e-06  2.70446e-05     8.66152e-06  2.70447e-05
 8.87798e-06  2.97724e-05     8.87806e-06  2.97726e-05
 9.09993e-06  3.27729e-05     9.10003e-06  3.27731e-05
 9.32742e-06   3.6073e-05     9.32754e-06  3.60732e-05
 9.56061e-06  3.97021e-05     9.56074e-06  3.97023e-05
 9.79962e-06  4.36928e-05     9.79977e-06   4.3693e-05
 1.00446e-05  4.80804e-05     1.00448e-05  4.80807e-05
 1.02957e-05  5.29041e-05     1.02959e-05  5.29045e-05
 1.05531e-05  5.82064e-05     1.05533e-05  5.82069e-05
  1.0817e-05  6.40343e-05     1.08172e-05  6.40349e-05
 1.10874e-05   7.0439e-05     1.10876e-05  7.04397e-05
 1.13646e-05  7.74768e-05     1.13649e-05  7.74777e-05
 1.16487e-05  8.52093e-05      1.1649e-05  8.52103e-05
 1.19399e-05  9.37038e-05     1.19403e-05   9.3705e-05
 1.22384e-05  0.000103034     1.22388e-05  0.000103036
 1.25443e-05  0.000113282     1.25448e-05  0.000113283
  1.2858e-05  0.000124534     1.28585e-05  0.000124536
 1.31794e-05  0.000136889       1.318e-05  0.000136892
 1.35089e-05  0.000150452     1.35096e-05  0.000150455
 1.38466e-05  0.000165338     1.38474e-05  0.000165342
 1.41928e-05  0.000181676     1.41936e-05   0.00018168
 1.45476e-05  0.000199602     1.45486e-05  0.000199607
 1.49113e-05  0.000219268     1.49124e-05  0.000219275
 1.52841e-05   0.00024084     1.52853e-05  0.000240849
 1.56662e-05  0.000264499     1.56676e-05  0.000264509
 1.60578e-05   0.00029044     1.60594e-05  0.000290452
 1.64593e-05   0.00031888      1.6461e-05  0.000318894
 1.68708e-05  0.000350053     1.68727e-05   0.00035007
 1.72925e-05  0.000384215     1.72947e-05  0.000384236
 1.77248e-05  0.000421645     1.77273e-05  0.000421671
  1.8168e-05  0.000462649     1.81708e-05  0.000462679
 1.86222e-05  0.000507556     1.86253e-05  0.000507593
 1.90877e-05   0.00055673     1.90913e-05  0.000556774
 1.95649e-05  0.000610563     1.95689e-05  0.000610616
  2.0054e-05  0.000669484     2.00585e-05  0.000669548
 2.05554e-05  0.000733959     2.05604e-05  0.000734036
 2.10693e-05  0.000804494     2.10749e-05  0.000804588
  2.1596e-05  0.000881642     2.16023e-05  0.000881754
 2.21359e-05  0.000966001      2.2143e-05  0.000966136
 2.26893e-05   0.00105822     2.26973e-05   0.00105838
 2.32565e-05   0.00115901     2.32655e-05   0.00115921
 2.38379e-05   0.00126914      2.3848e-05   0.00126937
 2.44339e-05   0.00138944     2.44452e-05   0.00138972
 2.50447e-05    0.0015208     2.50574e-05   0.00152114
 2.56708e-05   0.00166422     2.56851e-05   0.00166463
 2.63126e-05   0.00182075     2.63286e-05   0.00182124
 2.69704e-05   0.00199154     2.69883e-05   0.00199213
 2.76447e-05   0.00217784     2.76648e-05   0.00217854
 2.83358e-05   0.00238098     2.83583e-05   0.00238182
 2.90442e-05   0.00260242     2.90694e-05   0.00260342
 2.97703e-05   0.00284374     2.97985e-05   0.00284494
 3.05146e-05   0.00310663     3.05462e-05   0.00310807
 3.12774e-05   0.00339293     3.13128e-05   0.00339465
 3.20594e-05   0.00370461     3.20989e-05   0.00370666
 3.28609e-05   0.00404381     3.29051e-05   0.00404626
 3.36824e-05   0.00441283     3.37319e-05   0.00441575
 3.45244e-05   0.00481414     3.45798e-05   0.00481763
 3.53875e-05   0.00525041     3.54494e-05   0.00525457
 3.62722e-05    0.0057245     3.63414e-05   0.00572947
  3.7179e-05   0.00623951     3.72563e-05   0.00624543
 3.81085e-05   0.00679874     3.81948e-05    0.0068058
 3.90612e-05   0.00740576     3.91575e-05   0.00741416
 4.00378e-05   0.00806438     4.01452e-05   0.00807437
 4.10387e-05    0.0087787     4.11586e-05   0.00879058
 4.20647e-05    0.0095531     4.21984e-05   0.00956723
 4.31163e-05    0.0103923     4.32654e-05    0.0104091
 4.41942e-05    0.0113013     4.43603e-05    0.0113212
 4.52991e-05    0.0122855     4.54842e-05    0.0123091
 4.64315e-05    0.0133507     4.66377e-05    0.0133787
 4.75923e-05    0.0145029     4.78218e-05    0.0145361
 4.87821e-05    0.0157488     4.90375e-05    0.0157881
 5.00017e-05    0.0170953     5.02858e-05    0.0171418
 5.12517e-05    0.0185499     5.15676e-05    0.0186049
  5.2533e-05    0.0201204     5.28841e-05    0.0201855
 5.38463e-05    0.0218155     5.42364e-05    0.0218923
 5.51925e-05    0.0236439     5.56257e-05    0.0237346
 5.65723e-05    0.0256152     5.70533e-05    0.0257223
 5.79866e-05    0.0277396     5.85203e-05    0.0278658
 5.94363e-05    0.0300277     6.00282e-05    0.0301764
 6.09222e-05     0.032491     6.15785e-05    0.0326661
 6.24452e-05    0.0351414     6.31725e-05    0.0353474
 6.40064e-05    0.0379918     6.48119e-05    0.0382339
 6.56065e-05    0.0410555     6.64984e-05    0.0413399
 6.72467e-05    0.0443467     6.82337e-05    0.0446807
 6.89279e-05    0.0478806     7.00196e-05    0.0482724
 7.06511e-05    0.0516728     7.18581e-05    0.0521322
 7.24173e-05    0.0557401     7.37511e-05    0.0562783
 7.42278e-05    0.0601001      7.5701e-05    0.0607302
 7.60835e-05    0.0647712     7.77098e-05    0.0655083
 7.79855e-05    0.0697728     7.97801e-05    0.0706345
 7.99352e-05    0.0751253     8.19143e-05     0.076132
 8.19336e-05    0.0808501     8.41152e-05    0.0820254
 8.39819e-05    0.0869696     8.63855e-05    0.0883407
 8.60815e-05    0.0935073     8.87282e-05    0.0951057
 8.82335e-05     0.100488     9.11465e-05      0.10235
 9.04393e-05     0.107937     9.36437e-05     0.110105
 9.27003e-05     0.115881     9.62234e-05     0.118403
 9.50178e-05     0.124349     9.88893e-05     0.127281
 9.73933e-05     0.133369     0.000101645     0.136777
 9.98281e-05     0.142972     0.000104496      0.14693
 0.000102324      0.15319     0.000107445     0.157783
 0.000104882     0.164057     0.000110498     0.169384
 0.000107504     0.175605     0.000113659      0.18178
 0.000110192     0.187871     0.000116934     0.195026
 0.000112946     0.200892     0.000120329     0.209177
  0.00011577     0.214707     0.000123849     0.224296
 0.000118664     0.229354     0.000127501     0.240449
 0.000121631     0.244876     0.000131292     0.257708
 0.000124672     0.261316     0.000135228     0.276149
 0.000127788     0.278716     0.000139319      0.29586
 0.000130983     0.297123     0.000143572     0.316931
 0.000134258     0.316584     0.000147996     0.339466
 0.000137614     0.337148     0.000152601     0.363577
 0.000141054     0.358864     0.000157396     0.389387
 0.000144581     0.381784     0.000162394     0.417036
 0.000148195     0.405962     0.000167607     0.446677
   0.0001519     0.431452     0.000173047     0.478484
 0.000155698      0.45831     0.000178729     0.512652
  0.00015959     0.486594     0.000184669     0.549404
  0.00016358     0.516364     0.000190884     0.588991
 0.000167669      0.54768     0.000197394     0.631706
 0.000171861     0.580605      0.00020422     0.677881
 0.000176158     0.615203     0.000211385     0.727905
 0.000180562      0.65154     0.000218917     0.782231
 0.000185076     0.689683     0.000226846     0.841387
 0.000189703       0.7297     0.000235206     0.905999
 0.000194445     0.771663     0.000244035     0.976805
 0.000199306     0.815643     0.000253378      1.05468
 0.000204289     0.861713     0.000263287      1.14068
 0.000209396     0.909949     0.000273819      1.23607
 0.000214631     0.960428     0.000285042      1.34234
 0.000219997      1.01323     0.000297035      1.46134
 0.000225497      1.06843     0.000309886      1.59528
 0.000231134      1.12611       0.0003237      1.74686
 0.000236913      1.18636     0.000338598      1.91936
 0.000242835      1.24925     0.000354716      2.11679
 0.000248906      1.31489     0.000372214      2.34403
 0.000255129      1.38334     0.000391272       2.6071
 0.000261507      1.45471     0.000412097      2.91334
 0.000268045      1.52908      0.00043492      3.27176
 0.000274746      1.60654     0.000460002      3.69339
 0.000281615      1.68719     0.000487633      4.19176
 0.000288655      1.77112     0.000518132      4.78343
 0.000295871      1.85843     0.000551848       5.4886
 0.000303268      1.94922     0.000589159      6.33191
  0.00031085      2.04358     0.000630468      7.34331
 0.000318621      2.14162     0.000676206      8.55902
 0.000326587      2.24344     0.000726821      10.0227
 0.000334751      2.34913     0.000782783      11.7867
  0.00034312      2.45882      0.00084457      13.9131
 0.000351698      2.57259     0.000912672      16.4757
  0.00036049      2.69056     0.000987578      19.5605
 0.000369503      2.81284      0.00106977      23.2671
  0.00037874      2.93953      0.00115971      27.7097
 0.000388209      3.07075      0.00125786      33.0172
 0.000397914      3.20661      0.00136461      39.3326
 0.000407862      3.34721      0.00148033       46.812
 0.000418058      3.49269      0.00160533      55.6217
  0.00042851      3.64313      0.00173985       65.935
 0.000439223      3.79868      0.00188405       77.927
 0.000450203      3.95943      0.00203802      91.7686
 0.000461458      4.12551      0.00220175      107.619
 0.000472995      4.29704      0.00237516      125.621
  0.00048482      4.47414      0.00255807      145.891
  0.00049694      4.65691      0.00275026      168.516
 0.000509364       4.8455      0.00295145      193.547
 0.000522098         5.04      0.00316134      221.003
  0.00053515      5.24056       0.0033796      250.866
 0.000548529      5.44728      0.00360595      283.092
 0.000562242       5.6603      0.00384011       317.61
 0.000576298      5.87972      0.00408189      354.338
 0.000590706      6.10568      0.00433115      393.182
 0.000605473       6.3383      0.00458784      434.052
  0.00062061       6.5777        0.004852      476.867
 0.000636125      6.82399      0.00512375      521.559
 0.000652028      7.07732      0.00540328      568.078
 0.000668329      7.33779      0.00569087      616.397
 0.000685037      7.60553      0.00598687      666.509
 0.000702163      7.88065      0.00629169      718.428
 0.000719717      8.16329      0.00660579      772.192
  0.00073771      8.45356      0.00692966      827.855
 0.000756153      8.75157      0.00726386      885.487
 0.000775057      9.05746      0.00760894      945.174
 0.000794433      9.37133       0.0079655      1007.01
 0.000814294       9.6933      0.00833416      1071.11
 0.000834652      10.0235      0.00871554      1137.59
 0.000855518       10.362       0.0091103      1206.57
 0.000876906       10.709      0.00951909      1278.17
 0.000898828      11.0645      0.00994259      1352.53
 0.000921299      11.4287       0.0103815      1429.78
 0.000944332      11.8016       0.0108364      1510.07
  0.00096794      12.1835       0.0113082      1593.54
 0.000992138      12.5743       0.0117975      1680.31
  0.00101694      12.9742        0.012305      1770.55
  0.00104237      13.3833       0.0128315       1864.4
  0.00106842      13.8016       0.0133778      1961.99
  0.00109514      14.2294       0.0139446      2063.49
  0.00112251      14.6666       0.0145327      2169.03
  0.00115058      15.1133        0.015143      2278.77
  0.00117934      15.5697       0.0157763      2392.87
  0.00120882      16.0359       0.0164335      2511.46
  0.00123904      16.5118       0.0171154      2634.71
  0.00127002      16.9976       0.0178229      2762.77
  0.00130177      17.4934        0.018557      2895.79
  0.00133432      17.9992       0.0193186      3033.93
  0.00136767      18.5151       0.0201087      3177.36
  0.00140187      19.0411       0.0209283      3326.23
  0.00143691      19.5774       0.0217785       3480.7
  0.00147284       20.124       0.0226602      3640.93
  0.00150966      20.6808       0.0235747      3807.09
   0.0015474      21.2481       0.0245231      3979.34
  0.00158608      21.8258       0.0255065      4157.85
  0.00162573      22.4139        0.026526      4342.78
  0.00166638      23.0125       0.0275831      4534.31
  0.00170804      23.6216       0.0286788       4732.6
  0.00175074      24.2413       0.0298146      4937.83
  0.00179451      24.8716       0.0309918      5150.16
  0.00183937      25.5124       0.0322118      5369.77
  0.00188535      26.1638       0.0334759      5596.84
  0.00193249      26.8259       0.0347858      5831.53
   0.0019808      27.4986       0.0361429      6074.03
  0.00203032      28.1818       0.0375488       6324.5
  0.00208108      28.8757       0.0390051      6583.14
   0.0021331      29.5801       0.0405134      6850.11
  0.00218643      30.2952       0.0420756      7125.59
  0.00224109      31.0207       0.0436932      7409.76
  0.00229712      31.7568       0.0453683      7702.81
  0.00235455      32.5034       0.0471025       8004.9
  0.00241341      33.2605        0.048898      8316.22
  0.00247375      34.0279       0.0507566      8636.95
  0.00253559      34.8058       0.0526803      8967.26
  0.00259898      35.5939       0.0546714      9307.34
  0.00266396      36.3923        0.056732      9657.36
  0.00273055      37.2009       0.0588643      10017.5
  0.00279882      38.0196       0.0610705      10387.9
  0.00286879      38.8483       0.0633532      10768.9
  0.00294051       39.687       0.0657146      11160.4
  0.00301402      40.5357       0.0681574      11562.8
  0.00308937      41.3941       0.0706841      11976.2
  0.00316661      42.2622       0.0732974      12400.8
  0.00324577        43.14       0.0759999      12836.7
  0.00332691      44.0273       0.0787946      13284.1
  0.00341009      44.9239       0.0816843      13743.2
  0.00349534      45.8299        0.084672      14214.2
  0.00358272      46.7451       0.0877608      14697.1
  0.00367229      47.6693       0.0909539      15192.3
   0.0037641      48.6025       0.0942544      15699.8
   0.0038582      49.5444       0.0976657      16219.8
  0.00395466      50.4951        0.101191      16752.5
  0.00405352      51.4543        0.104835      17297.9
  0.00415486      52.4219          0.1086      17856.4
  0.00425873      53.3977         0.11249      18427.9
   0.0043652      54.3817        0.116509      19012.8
  0.00447433      55.3736        0.120662        19611
  0.00458619      56.3733        0.124951      20222.8
  0.00470084      57.3807        0.129382      20848.4
  0.00481836      58.3955        0.133958      21487.7
  0.00493882      59.4176        0.138685        22141
  0.00506229      60.4469        0.143566      22808.5
  0.00518885      61.4832        0.148607      23490.1
  0.00531857      62.5263        0.153812      24186.1
  0.00545154       63.576        0.159186      24896.7
  0.00558783      64.6322        0.164735      25621.8
  0.00572752      65.6946        0.170463      26361.6
  0.00587071      66.7631        0.176376      27116.3
  0.00601748      67.8376         0.18248      27885.9
  0.00616791      68.9177         0.18878      28670.5
  0.00632211      70.0033        0.195282      29470.3
  0.00648016      71.0943        0.201993      30285.4
  0.00664217      72.1905        0.208918      31115.8
  0.00680822      73.2916        0.216064      31961.7
  0.00697843      74.3974        0.223437        32823
  0.00715289      75.5078        0.231045        33700
  0.00733171      76.6226        0.238894      34592.7
    0.007515      77.7415        0.246991      35501.2
  0.00770288      78.8644        0.255344      36425.5
  0.00789545       79.991         0.26396      37365.8
  0.00809284      81.1213        0.272848        38322
  0.00829516      82.2549        0.282015      39294.3
  0.00850254      83.3917        0.291468      40282.7
   0.0087151      84.5314        0.301218      41287.2
  0.00893298       85.674        0.311272        42308
   0.0091563      86.8191         0.32164      43345.1
  0.00938521      87.9666         0.33233      44398.4
  0.00961984      89.1163        0.343352      45468.1
  0.00986034       90.268        0.354716      46554.3
   0.0101068      91.4214        0.366432      47656.8
   0.0103595      92.5765         0.37851      48775.8
   0.0106185      93.7329         0.39096      49911.4
    0.010884      94.8906        0.403794      51063.4
   0.0111561      96.0493        0.417022      52231.9
    0.011435      97.2088        0.430656      53417.1
   0.0117208      98.3689        0.444708      54618.8
   0.0120139      99.5295         0.45919        55837
   0.0123142       100.69        0.474114      57071.9
   0.0126221      101.851        0.489494      58323.4
   0.0129376      103.012        0.505341      59591.4
   0.0132611      104.173         0.52167      60876.1
   0.0135926      105.333        0.538495      62177.3
   0.0139324      106.492         0.55583      63495.2
   0.0142807      107.651        0.573689      64829.6
   0.0146377      108.809        0.592088      66180.6
   0.0150037      109.965        0.611042      67548.1
   0.0153788       111.12        0.630566      68932.2
   0.0157632      112.274        0.650679      70332.8
   0.0161573      113.426        0.671395      71749.9
   0.0165612      114.576        0.692733      73183.4
   0.0169753      115.725         0.71471      74633.4
   0.0173997      116.871        0.737344      76099.8
   0.0178346      118.015        0.760655      77582.5
   0.0182805      119.156        0.784661      79081.6
   0.0187375      120.295        0.809382        80597
    0.019206      121.431        0.834839      82128.7
   0.0196861      122.564        0.861053      83676.6
   0.0201783      123.695        0.888044      85240.6
   0.0206827      124.822        0.915835      86820.8
   0.0211998      125.946        0.944449      88417.1
   0.0217298      127.066         0.97391      90029.5
    0.022273      128.183         1.00424      91657.8
   0.0228299      129.297         1.03546      93302.1
   0.0234006      130.406         1.06761      94962.2
   0.0239856      131.512          1.1007      96638.2
   0.0245853      132.613         1.13476        98330
   0.0251999      133.711         1.16983       100037
   0.0258299      134.804         1.20592       101761
   0.0264756      135.893         1.24306       103499
   0.0271375      136.978          1.2813       105254
    0.027816      138.058         1.32065       107023
   0.0285114      139.133         1.36115       108809
   0.0292241      140.204         1.40284       110609
   0.0299547      141.269         1.44573       112425
   0.0307036       142.33         1.48988       114256
   0.0314712      143.386         1.53531       116102
    0.032258      144.437         1.58205       117964
   0.0330644      145.482         1.63016       119840
   0.0338911      146.523         1.67966       121732
   0.0347383      147.558         1.73059       123638
   0.0356068      148.587         1.78299       125559
    0.036497      149.611         1.83691       127495
   0.0374094       150.63         1.89239       129445
   0.0383446      151.643         1.94947       131411
   0.0393032       152.65         2.00819       133390
   0.0402858      153.652          2.0686       135384
    0.041293      154.647         2.13075       137393
   0.0423253      155.637         2.19468       139416
   0.0433834      156.621         2.26045       141453
    0.044468      157.599         2.32811       143505
   0.0455797      158.571         2.39771       145571
   0.0467192      159.537          2.4693       147650
   0.0478872      160.497         2.54294       149744
   0.0490843      161.451         2.61869       151852
   0.0503115      162.399          2.6966       153973
   0.0515692       163.34         2.77673       156109
   0.0528585      164.275         2.85915       158258
   0.0541799      165.204         2.94392       160420
   0.0555344      166.127          3.0311       162597
   0.0569228      167.043         3.12077       164787
   0.0583459      167.953         3.21298       166990
   0.0598045      168.857         3.30781       169207
   0.0612996      169.754         3.40534       171437
   0.0628321      170.645         3.50563       173681
   0.0644029      171.529         3.60877       175938
    0.066013      172.407         3.71483       178207
   0.0676633      173.279         3.82389       180491
   0.0693549      174.144         3.93604       182787
   0.0710888      175.002         4.05136       185096
    0.072866      175.855         4.16993       187418
   0.0746876        176.7         4.29186       189753
   0.0765548      177.539         4.41722       192100
   0.0784687      178.372         4.54612       194461
   0.0804304      179.198         4.67866       196834
   0.0824412      180.018         4.81492       199220
   0.0845022      180.831         4.95502       201619
   0.0866148      181.637         5.09906       204030
   0.0887801      182.437         5.24715       206453
   0.0909996      183.231          5.3994       208889
   0.0932746      184.018         5.55593       211338
   0.0956065      184.799         5.71685       213799
   0.0979967      185.573         5.88228       216272
    0.100447      186.341         6.05234       218758
    0.102958      187.102         6.22717       221255
    0.105532      187.857          6.4069       223765
     0.10817      188.606         6.59165       226288
    0.110874      189.348         6.78157       228822
    0.113646      190.083          6.9768       231368
    0.116487      190.813         7.17748       233927
    0.119399      191.536         7.38377       236497
    0.122384      192.252         7.59581       239080
    0.125444      192.963         7.81377       241674
     0.12858      193.667          8.0378       244280
    0.131795      194.365         8.26808       246899
    0.135089      195.056         8.50476       249529
    0.138467      195.742         8.74804       252171
    0.141928      196.421         8.99809       254825
    0.145477      197.094         9.25509       257490
    0.149113      197.761         9.51923       260168
    0.152841      198.422         9.79071       262857
    0.156662      199.077         10.0697       265557
    0.160579      199.725         10.3565       268270
    0.164593      200.368         10.6512       270994
    0.168708      201.005         10.9541       273730
    0.172926      201.635         11.2654       276478
    0.177249       202.26         11.5853       279237
     0.18168      202.879         11.9141       282008
    0.186222      203.492          12.252       284790
    0.190878      204.099         12.5992       287584
     0.19565        204.7         12.9561       290390
    0.200541      205.296         13.3228       293207
    0.205555      205.886         13.6996       296036
    0.210693       206.47         14.0869       298877
    0.215961      207.048         14.4849       301729
     0.22136      207.621         14.8938       304593
    0.226894      208.189          15.314       307468
    0.232566       208.75         15.7459       310355
     0.23838      209.306         16.1896       313253
     0.24434      209.857         16.6456       316163
    0.250448      210.402         17.1141       319085
     0.25671      210.942         17.5955       322018
    0.263127      211.476         18.0902       324963
    0.269705      212.006         18.5986       327920
    0.276448      212.529         19.1209       330888
    0.283359      213.048         19.6575       333868
    0.290443      213.561          20.209       336859
    0.297704      214.069         20.7756       339862
    0.305147      214.572         21.3578       342877
    0.312776       215.07         21.9559       345904
    0.320595      215.562         22.5705       348942
     0.32861       216.05          23.202       351992
    0.336825      216.533         23.8508       355054
    0.345246       217.01         24.5174       358128
    0.353877      217.483         25.2023       361213
    0.362724      217.951          25.906       364310
    0.371792      218.414          26.629       367420
    0.381087      218.872         27.3718       370541
    0.390614      219.326         28.1349       373674
    0.400379      219.774          28.919       376819
    0.410389      220.218         29.7245       379976
    0.420648      220.658         30.5521       383144
    0.431165      221.092         31.4023       386325
    0.441944      221.523         32.2758       389519
    0.452992      221.948         33.1732       392724
    0.464317      222.369         34.0951       395941
    0.475925      222.786         35.0422       399171
    0.487823      223.198         36.0153       402412
    0.500019      223.606         37.0149       405667
    0.512519      224.009         38.0418       408933
    0.525332      224.408         39.0968       412212
    0.538466      224.803         40.1806       415503
    0.551927      225.194          41.294       418807
    0.565725       225.58         42.4377       422123
    0.579869      225.963         43.6127       425451
    0.594365      226.341         44.8198       428793
    0.609224      226.715         46.0597       432147
    0.624455      227.085         47.3335       435513
    0.640066      227.451          48.642       438892
    0.656068      227.813         49.9862       442285
     0.67247      228.171          51.367       445690
    0.689281      228.525         52.7854       449108
    0.706514      228.875         54.2424       452538
    0.724176      229.221         55.7392       455982
    0.742281      229.564         57.2767       459439
    0.760838      229.903          58.856       462909
    0.779859      230.238         60.4784       466393
    0.799355      230.569         62.1449       469889
    0.819339      230.897         63.8567       473399
    0.839823      231.221         65.6151       476922
    0.860818      231.542         67.4213       480459
    0.882339      231.859         69.2766       484009
    0.904397      232.172         71.1824       487573
    0.927007      232.482           73.14       491151
    0.950182      232.789         75.1508       494742
    0.973937      233.092         77.2162       498347
    0.998285      233.392         79.3377       501966
     1.02324      233.688         81.5168       505599
     1.04882      233.981         83.7552       509245
     1.07504      234.271         86.0543       512906
     1.10192      234.558         88.4158       516581
     1.12947      234.841         90.8414       520270
      1.1577      235.121         93.3329       523974
     1.18665      235.398         95.8919       527692
     1.21631      235.672         98.5204       531424
     1.24672      235.943          101.22       535171
     1.27789      236.211         103.993       538932
     1.30984      236.475         106.841       542709
     1.34258      236.737         109.767       546500
     1.37615      236.996         112.772       550305
     1.41055      237.252         115.858       554126
     1.44581      237.505         119.028       557962
     1.48196      237.755         122.283       561813
     1.51901      238.002         125.627       565679
     1.55698      238.246         129.062       569560
     1.59591      238.488         132.589       573457
     1.63581      238.727         136.212       577369
      1.6767      238.963         139.934       581297
     1.71862      239.196         143.756       585240
     1.76158      239.427         147.681       589199
     1.80562      239.655         151.713       593174
     1.85076       239.88         155.853       597165
     1.89703      240.103         160.106       601172
     1.94446      240.324         164.474       605194
     1.99307      240.541          168.96       609233
      2.0429      240.757         173.568       613289
     2.09397      240.969           178.3       617361
     2.14632       241.18          183.16       621449
     2.19998      241.388         188.151       625554
     2.25498      241.593         193.277       629675
     2.31135      241.796         198.542       633813
     2.36914      241.997          203.95       637968
     2.42836      242.196         209.503       642141
     2.48907      242.392         215.207       646330
      2.5513      242.586         221.064       650536
     2.61508      242.777          227.08       654760
     2.68046      242.967         233.259       659001
     2.74747      243.154         239.604       663259
     2.81616      243.339         246.121       667536
     2.88656      243.522         252.814       671830
     2.95873      243.703         259.687       676141
     3.03269      243.881         266.746       680471
     3.10851      244.058         273.996       684819
     3.18622      244.232         281.442       689184
     3.26588      244.405         289.088       693568
     3.34753      244.575         296.941       697971
     3.43121      244.744         305.006       702392
     3.51699       244.91         313.288       706831
     3.60492      245.075         321.794       711290
     3.69504      245.237         330.529       715767
     3.78742      245.398         339.501       720263
      3.8821      245.557         348.714       724778
     3.97916      245.714         358.175       729312
     4.07864      245.869         367.892       733865
      4.1806      246.022         377.871       738438
     4.28512      246.174         388.119       743031
     4.39224      246.323         398.644       747643
     4.50205      246.471         409.452       752275
      4.6146      246.618         420.551       756926
     4.72997      246.762          431.95       761598
     4.84822      246.905         443.656       766290
     4.96942      247.046         455.678       771002
     5.09366      247.185         468.023       775734
       5.221      247.323         480.702       780487
     5.35152      247.459         493.722       785261
     5.48531      247.594         507.093       790055
     5.62244      247.727         520.824       794871
     5.76301      247.858         534.925       799707
     5.90708      247.988         549.406       804564
     6.05476      248.116         564.277       809443
     6.20613      248.243         579.549       814343
