>       Size                  Spacing           Relative Error                  Residue     Iterations
>          4       0.6666666666666666        0.367835959800294    8.881784197001252e-16              1
>          8       0.2857142857142857      0.06877172889870629    2.054662609310059e-15              1
>         16       0.1333333333333333      0.01470558224055019    6.673718396468935e-15              1
>         32      0.06451612903225806     0.003428048120959612    1.226637297968919e-14              1
>         64      0.03174603174603174    0.0008291654851627174    2.735745689195284e-14              1
>        128      0.01574803149606299    0.0002039888701591884    1.157673913473065e-14              2
>        256     0.007843137254901961    5.059492109621404e-05     1.26186832683033e-14              3
>        512     0.003913894324853229    1.259908312652751e-05    7.423183529194849e-15            119
>       1024     0.001955034213098729    3.143610123038628e-06    3.751402450611288e-15            265
